010010531707
010010561106
010010561924
010010570419
010010619811
010010619956
010010619960
010010619961
010010619963
010010619967
010010650206
010010650208
010010651410
010010670410
010010670910
010010671007
010010671014
010010700708
010010700716
010010710811
010030632415
010030708907
010030718905
010030738905
010030740710
010030743401
010030743611
010040660708
010050560904
010050560914
010050561010
010050561016
010050561705
010050561808
010050561901
010050561908
010050570814
010050570820
010050579023
010050579029
010050579030
010050582505
010050582510
010050582610
010050582804
010050590202
010050590215
010050590216
010050590808
010050590909
010050590912
010050630199
010070523205
010070572213
010070572307
010070572308
010070572310
010070573006
010070611722
010070611807
010070611905
010070642103
010080610205
010080640203
010080710101
010080710104
010080710202
010080710816
010080710906
010080710917
010080711102
010080711303
010080711304
010080711306
010080711309
010080711420
010080711610
010080711616
010080772325
010080781117
010080781510
010080781519
010080830619
010080830620
010080830621
010080850407
010080852316
010090602018
010090602304
010090602307
010090620813
010090651409
010090651806
010090651811
010090651815
010090690111
010090701215
010090701324
010090701701
010090722621
010090732620
010090739617
010090749901
010090752721
010100511303
010100511304
010100511401
010100511402
010100511403
010100511404
010100511405
010100511406
010100511407
010100511411
010100511412
010100511413
010100511507
010100511510
010100512105
010100531301
010100531302
010100531303
010100531304
010100531305
010100531306
010100531307
010100531308
010100531311
010100531313
010100531314
010100531315
010100531316
010100531317
010100531318
010100541112
010100541208
010100542207
010100542214
010100542218
010100550302
010100551605
010100560210
010100560214
010100560902
010100560904
010100562016
010100562307
010100570613
010100572801
010100572809
010100572901
010100572913
010100592511
010100601113
010100601115
010100601304
010100601317
010100601324
010100602002
010100602004
010100602006
010100602017
010100602020
010100602118
010100602201
010100602302
010100602306
010100602707
010100611213
010100611312
010100611318
010100611319
010100622617
010100622619
010100631316
010100642106
010100650802
010100651501
010100651812
010100651814
010100651815
010100651817
010100651818
010100651819
010100651820
010100651821
010100651822
010100651824
010100651825
010110601716
010110612204
010110750501
010110751219
010120569902
010120579906
010120599902
010120652419
010120679901
010120729904
010120729911
010120749745
010130520911
010130640802
010130641913
010130650113
010130650813
010130651904
010130652504
010130690407
010130704403
010130704417
010130722306
010130723713
010130734102
010130763308
010130764505
010140609941
010140611302
010140660504
010140661918
010140662015
010140663310
010140681106
010140690604
010140730801
010140730806
010140732014
010140740812
010140751912
010140759905
010140760808
010140770705
010150530324
010150581405
010150581716
010150639902
010150663309
010160513102
010160558914
010160578903
010160630603
010160630608
010160632306
010160738908
010160748922
010170520203
010170520606
010170521004
010170521006
010170521208
010170521302
010170521702
010170524001
010170524411
010170551106
010170551109
010170553109
010170554401
010170554404
010170563417
010170612407
010170620107
010170621411
010170650104
010170650501
010170651703
010170651705
010170651707
010170652404
010170683217
010170713606
010170720313
010180513006
010180519905
010180570908
010180571109
010180571110
010180571114
010180571117
010180571201
010180571513
010180571518
010180574006
010190650601
010190720803
010200558902
010200560803
010200562324
010200562507
010200562906
010200563008
010200630901
010200631102
010200632008
010200632011
010200632108
010200633201
010200650308
010200650309
010200650315
010200650511
010200650602
010200650610
010200650612
010200651102
010200651105
010200651111
010200651703
010200651818
010200652402
010200652902
010200652903
010200653002
010200653101
010200653308
010200653818
010200658903
010200699502
010200731605
010210611508
010210662502
010210710815
010210821415
010210821912
010220531107
010220551102
010220571316
010220580801
010220580805
010220581801
010220581903
010220581907
010220581911
010220581912
010220582408
010220591305
010220591606
010220592010
010220592011
010220601807
010220601813
010220601915
010220620219
010220620622
010220641212
010220641902
010220641908
010220642402
010220642415
010230516901
010230519963
010230524010
010230524018
010230533505
010230533510
010230539935
010230593021
010230599908
010230600107
010230601709
010230601711
010230601712
010230603306
010230603313
010230603508
010230603514
010230644105
010230652607
010230661901
010230673505
010230675310
010230680907
010230712813
010230722513
010230723214
010230723602
010230723605
010230751514
010230752003
010230752005
010230752009
010230752010
010230752011
010230752012
010230752014
010230752016
010230752018
010230752020
010230752021
010230752212
010230753117
010230753218
010230753621
010230753812
010230753813
010230771308
010230771314
010230772614
010230780901
010230780902
010230785217
010230790313
010230792118
010230795703
010230795704
010230795705
010230795802
010230796705
010230797101
010230797102
010230797110
010230797806
010230797909
010230800316
010230807420
010230808906
010240611916
010240681308
010240790109
010240791301
010240792107
010250551201
010250551508
010250562318
010250613104
010250721602
010250732210
010250732809
040500581908
040500624118
040500624128
040500624821
040500625211
040500625215
040510511810
040520571418
040520575241
040520593416
040520612614
040520612615
040520710619
040520720526
040520752222
040520770303
040520770305
040520770307
040520770308
040520770309
040520770310
040520771809
040520772102
040520772106
040520772107
040520772109
040520772111
040520772112
040520772113
040520772114
040520772115
040520772118
040520772122
040520773106
040520773418
040530510642
040530511602
040530511606
040530511607
040530511608
040530521921
040530523222
040530533511
040530542301
040530560716
040530560717
040530560718
040530560721
040530560723
040530561324
040530562401
040530563011
040530610205
040530610916
040530611521
040530611530
040540511313
040540512319
040540513122
040540530112
040540530113
040540530411
040540531410
040540560220
040540560601
040540560611
040540580412
040540580428
040540581029
040540591720
040540591724
040540591726
040540592826
040540593305
040540610653
040540620527
040540640202
040540640313
040540640315
040540701219
040540712508
040550510718
040550510719
040550510720
040550510723
040550510724
040550510726
040550530702
040550530704
040550530705
040550530706
040550541213
040550543212
040550543220
040550553044
040550555355
040550592204
040550592206
040550592209
040550592210
040550592213
040550610816
040550611110
040550621305
040550670705
040550672409
040550680802
040550680817
040550681709
040550685138
040560513426
040560513428
040560513712
040560513721
040560520401
040560521320
040560523624
040560530523
040560531917
040560532828
040560533128
040560551713
040560551928
040560552821
040560570512
040560572502
040560572503
040560572612
040560572721
040560573024
040560573025
040560573109
040560581804
040560601718
040560601726
040560602722
040560602727
040560611507
040560611508
040560611509
040560611510
040560612428
040560615113
040560615128
040560615404
040560620303
040560622230
040570532710
040570533111
040570534920
040570535413
040570543720
040570580106
040570580924
040570580927
040570582106
040570582113
040570600918
040570601121
040570632710
040570632716
040570640437
040570640438
040570640441
040570680310
040570700414
040570701205
040570734021
040580111321
040580345222
080750552513
080750581805
080750584117
080750591718
080760532934
080760542318
080760550601
080760601518
080760611545
080760612217
080770530107
080770540909
080770540910
080770540911
080770540918
080770542758
080770550912
080770560101
080770561102
080770692103
080770721209
080780510115
080780521004
080780529952
080780551114
080780573101
080780573809
080780581021
080780582613
080780590420
080780590509
080780590702
080780591418
080790591011
080790591105
080790591106
080790591107
080790591308
080790591309
080790591315
080790611212
080800540601
080800540602
080800540606
080800540609
080800550705
080800550803
080800561104
080800590702
080800610202
080800611401
080810540218
080810550704
080810552806
080810560216
080810579905
080810579929
080810579961
080810632315
080810632316
080810633711
080810740609
080810740813
080810741108
080810751410
080810761110
080820591503
080820600816
080830540107
080830540113
080830540118
080830540122
080830540301
080830540305
080830540325
080830540508
080830540519
080830540710
080830540711
080830540715
080830540716
080830540719
080830580632
080830590613
080830591307
080830600302
080830600507
080830600510
080830600512
080830600607
080830600610
080830600618
080830600619
080830601111
080830601118
080830601124
080830601208
080830601209
080830601504
080830601509
080830601512
080830601513
080830601805
080830601810
080830601821
080830602216
080830611208
080830611409
080830611412
080830611424
080830612504
080830612518
080830612520
080830612523
080830630121
080830630501
080840510511
080840520105
080840520803
080840531418
080840531704
080840551106
080840570307
080840570320
080840570404
080840570406
080840570409
080840570701
080840570918
080840570924
080840571601
080840571612
080840581419
080840590215
080840590411
080840590606
080840620703
080840620711
080840621216
080840630220
080840630224
080840630225
080840630613
080840630904
080840630906
080840630910
080840630911
080840630921
080840630925
080840632001
080850590814
080850650404
080850651021
080860560603
080870511821
080870530110
080870530111
080870560104
080870560512
080880510413
080880510716
080880520601
080880530403
080880531306
080880540411
080880540712
080880590703
080880590718
080880600209
080880600715
080880601912
080880602509
080880604108
080880604112
080880611902
080880630502
080880660307
080880662116
080880663302
080880671613
080890113504
080890132201
080890339203
080890350101
080890353806
080890353813
080890353816
080890521808
080890621504
080890632523
080900610103
080910531411
080910552006
080910552601
080910552616
080910554004
080910554009
080910572720
080910580712
080910580715
080910580721
080910581608
080910750607
080910750610
080920592108
080920631613
080920631923
080920632204
080920651115
080920732214
080920733713
080920733714
080930600620
080930640213
080930680102
080940580113
080940590213
080950591405
080960541812
080970510215
080970550223
080980121602
080980122909
080980134016
080980140821
080980141001
080980141002
080980151610
080980320408
080980350208
080980350211
080980540202
080980550616
081000542917
081000543304
081000560717
081000561402
081000561403
081000561407
081000561506
081000561507
081000561514
081000561819
081000562105
081000562107
081000562111
081000562116
081000562118
081000562120
081000590103
081000590105
081000590106
081000590109
081000590303
081000610411
081000621801
081000660920
081000661001
081000661005
081000661006
081000661008
081000661009
081000661016
081000661201
081000661205
081000661604
081000662206
081000662208
081000662210
081000662216
081000662510
081000663104
081000663107
081000663303
081010513518
081020530209
081020530601
081020530607
081020530801
081020530803
081020530805
081020530910
081020531101
081020531103
081020531108
081020531716
081020532008
081020532011
081020532601
081020532604
081020533404
081020533515
081020533516
081020533519
081020533522
081020533523
081030533852
081030561102
081030561803
081030580914
081030590605
081030590901
081040360305
081040510809
081040520409
081040521404
081040521408
081050520490
081050520495
081050520724
081050541507
081050560905
081050561909
081050562708
081050591615
081050591908
081050592007
081050592506
081050592601
081050592602
081050592615
081050592804
081050599923
081050600708
081050601207
081050601301
081050611703
081050613403
081060531507
081060531512
081060541310
081060542608
081060563108
081060569923
081070142022
081070142130
081070142205
081070142605
081070142913
081070143016
081070150413
081070150802
081070310649
081070310650
081070350614
081070521003
081080129411
081080349901
081080349925
081080519985
081080530415
081080539912
081090112903
081090115515
081090115601
081090320616
081100120611
081100340404
081100510401
081100520732
081100530614
081110120603
081110120604
081110122205
081110140106
081110332121
081110351402
081110362508
081110362513
081110376026
081110389303
081110389316
081110421910
081110522104
081110621618
081120119903
081120120902
081120120904
081120120908
081120122914
081120123202
081120129504
081120130406
081120512002
081120519903
081120522101
081120531601
081130110214
081130110215
081130110411
081130110503
081130111003
081130340413
081130340417
081130540609
081130550517
081140110302
081140110416
081140111206
081140111401
081140330329
081140340405
081140350119
081140360218
081140390209
081140390218
081140400103
081140400104
081140400106
081140400110
081140400112
081140400117
081140400120
081140400125
081140400209
081140400219
081140510210
081150110408
081150114315
081150310913
081150341106
081150341907
081160120508
081170321613
081170332207
081180340109
081180360103
081180360107
081180360108
081180360215
081180360219
081180360222
081180370307
081180380112
081180380302
081180380304
081180380306
081180380307
081180380308
081180380309
081180380310
081180380312
081180380313
081180380314
081180380315
081180380319
081180380321
081180380322
